[a_size_shift.full_rmse.bayesian]
smax = 0.6630209833625806
smin = -0.193275473024348
