[a_size_shift.full_rmse.bayesian]
smax = 0.18280564754926762
smin = -0.17100186724301847
