[a_size_shift.full_rmse.bayesian]
smax = 0.956619388453783
smin = -0.9659519760667141

[a_size_distortion.full_rmse.bayesian]
smax = 1.0
smin = -0.7724613879908641

[a_size_outlier.full_rmse.bayesian]
smax = 1.0
smin = -0.38576153901095434
